  1000       0.513200       0.034300       0.304619      -1.000000
  1500       1.637000       0.115800       0.962432      -1.000000
  2000       3.655500       0.159900       2.336619      -1.000000
  2500       7.231400       0.366300       4.695073      -1.000000
  3000      12.554700       0.525000       7.995002      -1.000000
  3500      19.835600       0.898400      12.625977      -1.000000
  4000      30.509400       1.107000      20.144936      -1.000000
  4500      48.022900       1.637000      30.829460      -1.000000
  5000      59.580400       2.271900      40.098529      -1.000000
  5500      87.675100       2.919500      61.842997      -1.000000
  6000            nan       4.437700      81.046398      -1.000000
  6500            nan       5.181600      94.244116      -1.000000
  7000            nan       8.774900     195.879087      -1.000000
